Method: Forward Euler
            101 gridpoints
             99 number of gridpoints (n) between x=0 and x=1
     0.10000000 final temperature, T
    0.010000000 = dx
  5.0000000E-05 = dt
    numerical        exact           rel.err
      0.0000000      0.0000000      0.0000000
   0.0029351009   0.0029299728   0.0017501982
   0.0058702017   0.0058658033  0.00074984442
   0.0088287364   0.0088133475   0.0017460885
    0.011787271    0.011778459  0.00074817448
    0.014792649    0.014766986   0.0017379114
    0.017798028    0.017784771  0.00074539307
    0.020873611    0.020837650   0.0017257502
    0.023949193    0.023931448  0.00074150316
    0.027118266    0.027071980   0.0017097263
    0.030287338    0.030265048  0.00073650940
    0.033573081    0.033516438   0.0016899956
    0.036858823    0.036831920  0.00073041853
    0.040284277    0.040217245   0.0016667437
    0.043709730    0.043678141  0.00072323985
    0.047297762    0.047220312   0.0016401807
    0.050885793    0.050849437  0.00071498575
    0.054659052    0.054571163   0.0016105357
    0.058432310    0.058391105  0.00070567212
    0.062413177    0.062314841   0.0015780510
    0.066394045    0.066347912  0.00069531882
    0.070604586    0.070495813   0.0015429775
    0.074815128    0.074763993  0.00068395000
    0.079277028    0.079157850   0.0015055691
    0.083738928    0.083682727  0.00067159429
    0.088473425    0.088343906   0.0014660792
    0.093207922    0.093146605  0.00065828499
    0.098235736    0.098095974   0.0014247568
     0.10326355     0.10319709  0.00064405998
     0.10860480     0.10845494   0.0013818436
     0.11394606     0.11387443  0.00062896169
     0.11962019     0.11946040   0.0013375723
     0.12529432     0.12521755  0.00061303683
     0.13131998     0.13115051   0.0012921646
     0.13734565     0.13726379  0.00059633616
     0.14374064     0.14356178   0.0012458304
     0.15013562     0.15004876  0.00057891406
     0.15691675     0.15672887   0.0011987674
     0.16369788     0.16360612  0.00056082816
     0.17088087     0.17068439   0.0011511610
     0.17806386     0.17796738  0.00054213886
     0.18566327     0.18545868   0.0011031840
     0.19326268     0.19316167  0.00052290887
     0.20129174     0.20107960   0.0010549977
     0.20932080     0.20921553  0.00050320269
     0.21779136     0.21757232   0.0010067519
     0.22626192     0.22615266  0.00048308619
     0.23518428     0.23495905  0.00095858569
     0.24410665     0.24399377  0.00046262605
     0.25348951     0.25325889  0.00091062796
     0.26287238     0.26275627  0.00044188937
     0.27272271     0.27248755  0.00086299831
     0.28257303     0.28245413  0.00042094323
     0.29289595     0.29265720  0.00081580751
     0.30321887     0.30309768  0.00039985424
     0.31401760     0.31377625  0.00076915816
     0.32481632     0.32469336  0.00037868820
     0.33609206     0.33584919  0.00072314523
     0.34736779     0.34724365  0.00035750977
     0.35911967     0.35887640  0.00067785658
     0.37087154     0.37074683  0.00033638209
     0.38309654     0.38285405  0.00063337343
     0.39532154     0.39519691  0.00031536656
     0.40801446     0.40777396  0.00058977071
     0.42070737     0.42058350  0.00029452256
     0.43386077     0.43362353  0.00054711745
     0.44701417     0.44689176  0.00027390719
     0.46061836     0.46038564  0.00050547707
     0.47422254     0.47410232  0.00025357513
     0.48826557     0.48803868  0.00046490761
     0.50230859     0.50219129  0.00023357843
     0.51677626     0.51655649  0.00042546199
     0.53124393     0.53113028  0.00021396635
     0.54611981     0.54590844  0.00038718816
     0.56099569     0.56088644  0.00019478525
     0.57626119     0.57605950  0.00035012929
     0.59152669     0.59142255  0.00017607848
     0.60716108     0.60697030  0.00031432387
     0.62279547     0.62269716  0.00015788628
     0.63877600     0.63859732  0.00027980587
     0.65475653     0.65466472  0.00014024573
     0.67105850     0.67089306  0.00024660480
     0.68736047     0.68727581  0.00012319067
     0.70395736     0.70380622  0.00021474583
     0.72055424     0.72047733  0.00010675167
     0.73741782     0.73728197  0.00018424986
     0.75428140     0.75421280  9.0956004E-05
     0.77138190     0.77126225  0.00015513362
     0.78848240     0.78842262  7.5827663E-05
     0.80578867     0.80568602  0.00012740968
     0.82309494     0.82304441  6.1387320E-05
     0.84057459     0.84048962  0.00010108661
     0.85805424     0.85801335  4.7652365E-05
     0.87567386     0.87560717  7.6168988E-05
     0.89329349     0.89326255  3.4636926E-05
     0.91101884     0.91097087  5.2657498E-05
     0.92874419     0.92872343  2.2351906E-05
     0.94654038     0.94651146  3.0549012E-05
     0.96433657     0.96432615  1.0805029E-05
     0.98216828     0.98215862  9.8366628E-06
      1.0000000      1.0000000  8.9617758E-10
